170103020101
170103020102
170103020103
170103020301
170103020303
170103040103
170103040201
170103040202
170103040301
170103040302
170103040304
170103040305
170103040306
170103040308
170103040402
170103040502
170103040504
170103040505
170103040601
170103040603
170103040607
170103040609
170103040701
170103040802
170103040803
170103040805
170103040901
170103040902
170103040903
170103041003
170103041004
170103041005
170103041102
170103041103
170103041104
170200090101
170200090103
170200090104
170200090106
170200090107
170200090108
170200090110
170200090111
170200090112
170200090113
170200090203
170200090204
170200090205
170200090206
170200090207
170200090208
170200090301
170200090303
170200090304
170200090305
170200100102
170200100103
170200100205
170200100206
170200100301
170200100302
170200100303
170200100305
170200100306
170200100307
170200100309
170200100310
170200100311
170200100312
170200100402
170200100403
170200100404
170200100405
170200100406
170200100407
170200110101
170200110102
170200110103
170200110104
170200110105
170200110106
170200110107
170200110108
170200110109
170200110110
170200110201
170200110202
170200110302
170200110303
170200110304
170200110306
170200110307
170200110404
170200110405
170200110406
170200110503
170200110602
170200110603
170200110604
170200110701
170200110702
170200110704
170200110705
170300030102
170300030104
170300030301
170300030302
170300030303
170300030601
170300030602
170300030704
170300030801
170602070101
170602070102
170602070104
170602070106
170602070202
170602070204
170602070205
170602070206
170602070301
170602070302
170602070303
170602070304
170602070306
170602070402
170602070403
170602070501
170602070502
170602070503
170602070504
170602070601
170602070602
170602070701
170602070704
170602070803
170602070901
170602070903
170602070904
170602071002
170602071101
170602071103
170602071106
170602080102
170602080103
170602080105
170602080106
170602080107
170602080202
170602080205
170602080206
170602080303
170602080401
170602080404
170602080405
170602080406
170602080407
170602080408
170602080411
170602080502
170602080504
170602080505
170602080507
170602080601
170602080602
170602080604
170602080608
171100050505
171100050601
171100050604
171100050605
171100050606
171100050607
171100050703
171100050704
171100050705
171100050706
171100050707
171100050802
171100050803
171100050804
171100050902
171100050903
171100050904
171100050905
171100051001
171100051003
171100051004
171100051006
171100051007
171100051101
171100051102
171100051103
171100060103
171100060104
171100060105
171100060106
171100060202
171100060203
171100060204
171100060205
171100060301
171100060304
171100060403
171100070102
171100070103
171100070104
171100070105
171100070107
171100070201
171100080101
171100080103
171100080106
171100080108
171100080201
171100080204
171100080205
171100080301
171100090101
171100090102
171100090103
171100090104
171100090203
171100090301
171100090302
171100090303
171100090401
171100090402
171100090501
171100090601
171100090702
