170103020101
170103020103
170103020201
170103020301
170103020302
170103020303
170103040102
170103040103
170103040104
170103040203
170103040301
170103040302
170103040303
170103040304
170103040307
170103040308
170103040401
170103040402
170103040501
170103040504
170103040505
170103040601
170103040603
170103040606
170103040607
170103040608
170103040609
170103040703
170103040803
170103040804
170103041005
170103041101
170103041102
170103041104
170200090101
170200090104
170200090107
170200090108
170200090109
170200090110
170200090111
170200090113
170200090114
170200090201
170200090202
170200090203
170200090204
170200090205
170200090206
170200090208
170200090209
170200090210
170200090301
170200090303
170200100101
170200100102
170200100201
170200100202
170200100203
170200100205
170200100206
170200100301
170200100303
170200100304
170200100308
170200100309
170200100310
170200100311
170200100312
170200100313
170200100401
170200100403
170200100404
170200100405
170200100406
170200100409
170200100501
170200100502
170200100503
170200100504
170200100507
170200110102
170200110103
170200110108
170200110110
170200110111
170200110201
170200110203
170200110301
170200110302
170200110303
170200110304
170200110305
170200110307
170200110401
170200110402
170200110403
170200110404
170200110406
170200110501
170200110603
170200110701
170200110703
170200110704
170200110708
170300030101
170300030103
170300030104
170300030105
170300030202
170300030203
170300030204
170300030205
170300030206
170300030301
170300030302
170300030501
170300030502
170300030503
170300030504
170300030505
170300030601
170300030602
170300030605
170300030606
170300030607
170300030704
170300030705
170300030706
170300030801
170300030901
170300030902
170300030903
170300030905
170300030906
170300031002
170300031004
170300031005
170300031006
170300031101
170300031104
170300031107
170300031108
170300031109
170300031205
170602070101
170602070102
170602070103
170602070104
170602070105
170602070106
170602070203
170602070205
170602070305
170602070306
170602070403
170602070501
170602070503
170602070602
170602070603
170602070702
170602070703
170602070705
170602070706
170602070801
170602070902
170602070903
170602070904
170602071001
170602071101
170602071102
170602071103
170602080101
170602080102
170602080103
170602080104
170602080106
170602080107
170602080201
170602080204
170602080302
170602080303
170602080402
170602080404
170602080405
170602080406
170602080408
170602080409
170602080410
170602080411
170602080412
170602080501
170602080505
170602080507
170602080601
170602080602
170602080603
170602080604
170602080605
170602080607
171100050501
171100050502
171100050503
171100050602
171100050603
171100050605
171100050607
171100050701
171100050702
171100050704
171100050706
171100050707
171100050801
171100050802
171100050805
171100050901
171100050905
171100051001
171100051002
171100051004
171100051005
171100051006
171100051102
171100051103
171100051104
171100060101
171100060102
171100060103
171100060104
171100060203
171100060204
171100060205
171100060302
171100060305
171100060401
171100060402
171100060403
171100060404
171100060405
171100070101
171100070102
171100070103
171100070104
171100070106
171100070201
171100070202
171100070203
171100080102
171100080107
171100080108
171100080201
171100080202
171100080203
171100080204
171100080205
171100080206
171100080207
171100080302
171100080303
171100090101
171100090102
171100090201
171100090203
171100090301
171100090302
171100090402
171100090403
171100090502
171100090503
171100090601
171100090603
171100090701
